20
350
500
700
800
1000
1200
1500
1500
1800
2000
2200
2500
2700
3000
3000
3400
3500
4000
4000
4200
4500
5000
5000
5000
5200
5600
6000
6000
6000
6600
7000
7000
7100
7800
8000
8000
8000
9000
9000
9500
10000
10000
10000
10000
10000
11000
11600
12000
12000
12000
13000
13000
14000
15000
15000
15000
15000
15000
15000
16000
17000
17000
18000
18000
19000
20000
20000
20000
20000
20000
22000
23000
24000
25000
25000
25000
26000
28000
30000
30000
30000
30000
32000
35000
36000
40000
40000
45000
50000
50000
60000
80000
110000
180000
270000
400000
560000
900000
16000000
